version https://git-lfs.github.com/spec/v1
oid sha256:dd23bcef9df142bc1594366dd396ac20ee1c7fbba9a9785a813cee6527173e49
size 28299348
